overall results: 
-1 540000 1080000 270000 135000 67500 33750 
0 10 4 7 6 6 17 

hitrates per trace: 
0.012592735 0.09328812 0.08896479 0.098132044 0.09508113 0.09655504 0.09786029 
0.009427726 0.011446027 0.011437532 0.01175411 0.011488554 0.011889713 0.012083638 
0.23557808 0.24033272 0.24182019 0.23007517 0.22773738 0.2280947 0.17865777 
0.27882534 0.28989556 0.28877753 0.29041976 0.23643441 0.2348493 0.19956067 
0.007169128 0.032813255 0.020790724 0.041338082 0.036775254 0.031737667 0.026705554 
0.44593868 0.6069234 0.59987324 0.6146399 0.60707927 0.60296196 0.61408275 
0.06775153 0.150384 0.14427285 0.15339431 0.15488274 0.15546511 0.1555286 
0.0062708515 0.008849895 0.008906433 0.008243507 0.00653344 0.00576389 0.0046497537 
0.25483352 0.26795605 0.26275337 0.2612096 0.26140845 0.24714838 0.16820918 
0.005809854 0.06692678 0.04258506 0.072156936 0.06698733 0.06781079 0.068750195 
0.005775905 0.019488182 0.0142936725 0.021856843 0.022497557 0.020174075 0.01748391 
0.91827536 0.8567843 0.9329379 0.8064235 0.7803833 0.7684396 0.7616283 
0.040854152 0.057959545 0.05768056 0.05122563 0.052619398 0.05128145 0.050917085 
0.32226318 0.32533643 0.32396063 0.3246707 0.31951123 0.29849842 0.23694673 
0.0035667089 0.00504583 0.004841184 0.005056981 0.0050662886 0.0050766664 0.005074585 
0.09117069 0.10120481 0.10105798 0.08103587 0.07422137 0.07519875 0.09081451 
0.13524355 0.16676122 0.15405947 0.12959243 0.108803116 0.10211344 0.099659435 
0.15633973 0.18556914 0.17103176 0.17686445 0.15395002 0.15877476 0.17327423 
0.0015575158 0.033567995 0.022219732 0.03794568 0.039213732 0.041415542 0.040462922 
0.21858315 0.2209517 0.22057056 0.1952467 0.20067851 0.19358201 0.15439518 
0.06760894 0.06909341 0.068118416 0.051950227 0.040082235 0.044679135 0.04994981 
0.08523133 0.086801045 0.086310945 0.06060199 0.055450026 0.058423247 0.06255973 
0.015000534 0.07935009 0.053259756 0.09417384 0.10121832 0.10598144 0.107818484 
0.15028606 0.24224597 0.21445335 0.27421924 0.28007707 0.28307423 0.28243417 
0.033312947 0.031172063 0.03498457 0.01468268 0.008579606 0.0056065624 0.005549994 
0.3752393 0.3871658 0.38453454 0.39110893 0.39957166 0.40527943 0.4070225 
0.04793339 0.10236042 0.08649808 0.11519838 0.122624665 0.12687212 0.12823191 
0.1483926 0.16858028 0.1614846 0.1664046 0.16541664 0.16533963 0.16311812 
0.039995737 0.10064935 0.07711508 0.12711549 0.1380418 0.14090493 0.14083111 
0.0024999985 0.042212177 0.01593641 0.08645942 0.10542823 0.11092284 0.11496039 
0.018367851 0.026443778 0.023896981 0.027960904 0.033396397 0.026528012 0.019334545 
0.21269612 0.23550951 0.22891766 0.2380243 0.23743035 0.23846778 0.23750871 
0.78060013 0.79761755 0.7948572 0.80117416 0.80301034 0.80386686 0.8042832 
0.006180514 0.03394974 0.025868138 0.041359544 0.04546857 0.045942444 0.044743787 
0.10758771 0.47907713 0.3169235 0.56147844 0.601967 0.6509042 0.6795122 
0.8010853 0.81066287 0.8087419 0.8141841 0.8159308 0.8167377 0.8171755 
0.06623299 0.13113773 0.11346852 0.14334679 0.14997399 0.15340576 0.15563577 
0.15213028 0.24726744 0.22308432 0.25315565 0.25397798 0.25326324 0.2532147 
0.8607824 0.86692816 0.86583906 0.86776054 0.8681666 0.86836797 0.86847377 
0.8301245 0.83885455 0.83747625 0.84271306 0.8450404 0.8461474 0.84673965 
0.8472213 0.8569254 0.85581213 0.861432 0.86458606 0.8661282 0.8668396 
0.1449864 0.16674984 0.15978897 0.16749552 0.16611932 0.16482925 0.1644721 
0.14297496 0.14923245 0.14472787 0.15566091 0.15792441 0.100289606 0.0820946 
0.04653966 0.062556066 0.056534562 0.06798489 0.07010777 0.070855126 0.07145078 
0.8248347 0.8324272 0.83124423 0.8355317 0.8401044 0.84288925 0.8443 
0.3182232 0.32121354 0.32020056 0.32380754 0.3257109 0.3230847 0.29119423 
0.8428782 0.84712255 0.8462265 0.85197806 0.86025536 0.86433274 0.8661956 
0.013407383 0.018726597 0.01747541 0.017390924 0.025691763 0.01973901 0.013104128 
0.27172738 0.28577888 0.28156295 0.2892887 0.27927333 0.27556944 0.2738339 
0.0014719624 0.011295258 0.0088462755 0.011888877 0.012076561 0.012336451 0.012513949 
