overall results: 
-1 1080000 540000 270000 
1 8 18 23 
0.04056483 0.01601331 0.009315028 0.017241824 

hitrates per trace: 
0.012592735 0.09128762 0.098410696 0.10259199 
0.009427726 0.011267448 0.011210286 0.011197674 
0.23557808 0.23828772 0.23102817 0.20661595 
0.27882534 0.26003137 0.2301318 0.2076128 
0.007169128 0.021964455 0.037817337 0.04251718 
0.44593868 0.5876219 0.58574396 0.47401586 
0.06775153 0.146389 0.1517201 0.15525806 
0.0062708515 0.009041979 0.008306747 0.009568101 
0.25483352 0.26281303 0.2613713 0.2502171 
0.005809854 0.04456583 0.07353362 0.092520386 
0.005775905 0.014744907 0.020519491 0.023943672 
0.91827536 0.9320126 0.82779557 0.75349915 
0.040854152 0.058871783 0.060077522 0.058310248 
0.32226318 0.32405442 0.32272026 0.30971643 
0.0035667089 0.0047589326 0.0047643147 0.0043682847 
0.09117069 0.102145225 0.104509786 0.086305365 
0.13524355 0.15547927 0.18180867 0.14290732 
0.15633973 0.17277828 0.18787588 0.18091519 
0.0015575158 0.024588691 0.03457413 0.04020974 
0.21858315 0.22060099 0.22053732 0.20326819 
0.06760894 0.06814 0.069301434 0.058699537 
0.08523133 0.08644044 0.086712 0.06287782 
0.015000534 0.05620744 0.08010562 0.09657292 
0.15028606 0.22314258 0.24841769 0.2806209 
0.033312947 0.03503696 0.034882423 0.020650221 
0.3752393 0.38505724 0.38700798 0.36538234 
0.04793339 0.08914839 0.10375626 0.11623506 
0.1483926 0.16284162 0.16951536 0.16110304 
0.039995737 0.080771506 0.10335055 0.13313143 
0.0024999985 0.017341271 0.04462424 0.10304679 
0.018367851 0.024649426 0.027492486 0.028935676 
0.21269612 0.2308329 0.23663762 0.19038738 
0.78060013 0.79587257 0.79829425 0.7337834 
0.006180514 0.027947403 0.03530535 0.043124493 
0.10758771 0.3421625 0.49664846 0.5582556 
0.8010853 0.8093359 0.8111632 0.74856913 
0.06623299 0.11884858 0.13430974 0.14547865 
0.15213028 0.2292201 0.25008243 0.24783835 
0.8607824 0.86623716 0.86714536 0.83677006 
0.8301245 0.8380431 0.8391754 0.81217116 
0.8472213 0.8564019 0.85720026 0.81943995 
0.1449864 0.16125281 0.16792898 0.16148657 
0.14297496 0.14506032 0.1496048 0.15455273 
0.04653966 0.058087707 0.063433334 0.06831362 
0.8248347 0.83182895 0.83276105 0.83833313 
0.3182232 0.32031962 0.32126316 0.32597506 
0.8428782 0.84658986 0.8473408 0.84686196 
0.013407383 0.017764904 0.01919705 0.022415677 
0.27172738 0.28316444 0.2869215 0.2907744 
0.0014719624 0.009904348 0.011835708 0.012185872 
