overall results: 
-1 0 1 2 3 4 5 10 50 
0 33 33 34 32 32 30 36 36 

hitrates per trace: 
0.012592735 0.09527513 0.09527513 0.096175745 0.09328812 0.090181895 0.08701658 0.085642435 0.08558397 
0.009427726 0.007086151 0.007086151 0.011446027 0.011446027 0.011446027 0.011446027 0.011446027 0.011446027 
0.23557808 0.23339263 0.23339263 0.24032456 0.24033272 0.24228203 0.24243088 0.24255978 0.24045806 
0.27882534 0.29125744 0.29125744 0.29270455 0.28989556 0.29001248 0.29287675 0.29738027 0.29738027 
0.007169128 0.034107614 0.034107614 0.03225571 0.032813255 0.032813255 0.032813255 0.032813255 0.031465564 
0.44593868 0.61654055 0.61654055 0.6069234 0.6069234 0.6069234 0.6069234 0.6069234 0.6069234 
0.06775153 0.15019402 0.15019402 0.150384 0.150384 0.150384 0.150384 0.150384 0.1501591 
0.0062708515 0.008787328 0.008787328 0.008828057 0.008849895 0.008910347 0.008954359 0.009063299 0.009063299 
0.25483352 0.26746166 0.26746166 0.2674637 0.26795605 0.26837927 0.270899 0.2713262 0.26675063 
0.005809854 0.06595027 0.06595027 0.066570595 0.06692678 0.06703939 0.06703939 0.068616234 0.068616234 
0.005775905 0.017256744 0.017256744 0.019488182 0.019488182 0.019488182 0.019488182 0.019488182 0.019488182 
0.91827536 0.8567843 0.8567843 0.8567843 0.8567843 0.8567843 0.8567843 0.8782558 0.9375217 
0.040854152 0.057776712 0.057776712 0.05824581 0.057959545 0.058835775 0.05887407 0.05907069 0.05913329 
0.32226318 0.32535353 0.32535353 0.32533643 0.32533643 0.32533306 0.3253308 0.32533315 0.32533315 
0.0035667089 0.00504583 0.00504583 0.00504583 0.00504583 0.00504583 0.00504583 0.00504583 0.005044105 
0.09117069 0.10120481 0.10120481 0.10120481 0.10120481 0.10120481 0.10017385 0.10053742 0.09912173 
0.13524355 0.16384318 0.16384318 0.16384318 0.16676122 0.16676122 0.17654258 0.17706858 0.17951353 
0.15633973 0.18556914 0.18556914 0.18556914 0.18556914 0.18436827 0.18290372 0.18190266 0.18153113 
0.0015575158 0.033567995 0.033567995 0.033567995 0.033567995 0.033567995 0.033567995 0.033567995 0.033567995 
0.21858315 0.22092219 0.22092219 0.22094329 0.2209517 0.22095184 0.22095345 0.22113305 0.22129571 
0.06760894 0.06909341 0.06909341 0.06909341 0.06909341 0.06909403 0.06909403 0.06914118 0.06914118 
0.08523133 0.086801045 0.086801045 0.086801045 0.086801045 0.086801045 0.086801045 0.086801045 0.08700205 
0.015000534 0.07950464 0.07950464 0.07955121 0.07935009 0.079711266 0.07951108 0.07777976 0.07701428 
0.15028606 0.24230745 0.24230745 0.24230745 0.24224597 0.24214879 0.24212137 0.2419659 0.24186416 
0.033312947 0.031172063 0.031172063 0.031172063 0.031172063 0.031172063 0.031172063 0.031172063 0.03339052 
0.3752393 0.3871658 0.3871658 0.3871658 0.3871658 0.3871658 0.3871658 0.3871658 0.3871658 
0.04793339 0.10236042 0.10236042 0.10236042 0.10236042 0.10236042 0.10236042 0.10236042 0.10221335 
0.1483926 0.16858028 0.16858028 0.16858028 0.16858028 0.16858028 0.16858028 0.16858028 0.16858028 
0.039995737 0.10064935 0.10064935 0.10064935 0.10064935 0.10064935 0.10064935 0.10064935 0.10064935 
0.0024999985 0.042212177 0.042212177 0.042212177 0.042212177 0.042212177 0.042212177 0.042212177 0.042212177 
0.018367851 0.026443778 0.026443778 0.026443778 0.026443778 0.026443778 0.026443778 0.026443778 0.026443778 
0.21269612 0.23550951 0.23550951 0.23550951 0.23550951 0.23550951 0.23550951 0.23550951 0.23550951 
0.78060013 0.79761755 0.79761755 0.79761755 0.79761755 0.79761755 0.79761755 0.79761755 0.79761755 
0.006180514 0.03394974 0.03394974 0.03394974 0.03394974 0.03394974 0.03394974 0.03394974 0.03394974 
0.10758771 0.47907713 0.47907713 0.47907713 0.47907713 0.47907713 0.47907713 0.47907713 0.47907713 
0.8010853 0.81066287 0.81066287 0.81066287 0.81066287 0.81066287 0.81066287 0.81066287 0.81066287 
0.06623299 0.13113773 0.13113773 0.13113773 0.13113773 0.13113773 0.13113773 0.13113773 0.13113773 
0.15213028 0.24726744 0.24726744 0.24726744 0.24726744 0.24726744 0.24726744 0.24726744 0.24726005 
0.8607824 0.86692816 0.86692816 0.86692816 0.86692816 0.86692816 0.86692816 0.86692816 0.86692816 
0.8301245 0.83885455 0.83885455 0.83885455 0.83885455 0.83885455 0.83885455 0.83885455 0.83885455 
0.8472213 0.8569254 0.8569254 0.8569254 0.8569254 0.8569254 0.8569254 0.8569254 0.8569254 
0.1449864 0.16674984 0.16674984 0.16674984 0.16674984 0.16674984 0.16674984 0.16674984 0.16674984 
0.14297496 0.14923245 0.14923245 0.14923245 0.14923245 0.14923245 0.14923245 0.14923245 0.14923245 
0.04653966 0.062556066 0.062556066 0.062556066 0.062556066 0.062556066 0.062556066 0.062556066 0.062556066 
0.8248347 0.8324272 0.8324272 0.8324272 0.8324272 0.8324272 0.8324272 0.8324272 0.8324272 
0.3182232 0.32121354 0.32121354 0.32121354 0.32121354 0.32121354 0.32121354 0.32121354 0.32121354 
0.8428782 0.84712255 0.84712255 0.84712255 0.84712255 0.84712255 0.84712255 0.84712255 0.84712255 
0.013407383 0.018726597 0.018726597 0.018726597 0.018726597 0.018726597 0.018726597 0.018726597 0.018726597 
0.27172738 0.28577888 0.28577888 0.28577888 0.28577888 0.28577888 0.28577888 0.28577888 0.28577888 
0.0014719624 0.011295258 0.011295258 0.011295258 0.011295258 0.011295258 0.011295258 0.011295258 0.011295258 
