overall results: 
-1 1080000 540000 270000 
0 5 6 39 
0.040106803 0.015000428 0.005834745 8.549912E-4 

hitrates per trace: 
0.012592735 0.087665275 0.09075227 0.08863583 
0.009427726 0.010262217 0.009519753 0.00951409 
0.23557808 0.24047565 0.23749363 0.23651187 
0.27882534 0.29297525 0.29084173 0.29437065 
0.007169128 0.02186898 0.036538832 0.03761294 
0.44593868 0.58558756 0.59275407 0.5887336 
0.06775153 0.14537369 0.15064704 0.1534183 
0.0062708515 0.0090342425 0.010379504 0.01137638 
0.25483352 0.26251945 0.26709282 0.26763305 
0.005809854 0.04423465 0.06744134 0.080195 
0.005775905 0.014615568 0.019338354 0.025262853 
0.91827536 0.93301773 0.93717355 0.939024 
0.040854152 0.058871783 0.06123128 0.0633239 
0.32226318 0.32405442 0.3235517 0.3227613 
0.0035667089 0.0048719607 0.005128319 0.0052339723 
0.09117069 0.102145225 0.1027663 0.1019943 
0.13524355 0.15547927 0.16459753 0.14917111 
0.15633973 0.17277828 0.18730378 0.19188167 
0.0015575158 0.024590747 0.033745717 0.037413932 
0.21858315 0.22060099 0.22058746 0.2205272 
0.06760894 0.06814 0.06880517 0.06752205 
0.08523133 0.08644044 0.08657658 0.08505994 
0.015000534 0.05620794 0.080450885 0.094127625 
0.15028606 0.22314258 0.24920435 0.27873614 
0.033312947 0.03503696 0.032433704 0.023501283 
0.3752393 0.38505802 0.3864921 0.38665378 
0.04793339 0.08914844 0.10358468 0.114393055 
0.1483926 0.16284162 0.16912371 0.17049912 
0.039995737 0.08077255 0.103346884 0.12603292 
0.0024999985 0.017341271 0.044624284 0.07676513 
0.018367851 0.024649426 0.027494092 0.02972672 
0.21269612 0.23084678 0.23656937 0.24134994 
0.78060013 0.79587257 0.79829425 0.8006379 
0.006180514 0.027947403 0.035301004 0.04159812 
0.10758771 0.3421625 0.49664846 0.5648621 
0.8010853 0.8093359 0.8111632 0.81416184 
0.06623299 0.11884858 0.13422556 0.1438923 
0.15213028 0.2292201 0.24999806 0.25981185 
0.8607824 0.86624163 0.86714983 0.8674254 
0.8301245 0.8380451 0.8391774 0.8423889 
0.8472213 0.8564019 0.85720026 0.8579126 
0.1449864 0.16125281 0.1676339 0.17163765 
0.14297496 0.14506032 0.1496048 0.15424986 
0.04653966 0.058087707 0.0636471 0.06861125 
0.8248347 0.83182895 0.83276105 0.83349335 
0.3182232 0.32031962 0.32129094 0.32588485 
0.8428782 0.84658986 0.8473408 0.8481225 
0.013407383 0.017764904 0.01919705 0.019970762 
0.27172738 0.28316444 0.2869215 0.29031995 
0.0014719624 0.009906133 0.011837494 0.012026443 
