overall results: 
-1 1080000 540000 270000 135000 67500 33750 16875 8437 4218 2109 1054 528 264 
0 5 8 6 4 6 1 1 4 3 4 4 3 9 
0.04814996 0.022654532 0.015044237 0.013202392 0.014069809 0.015156981 0.02031116 0.02123294 0.02295772 0.023404308 0.024651537 0.025020584 0.025565837 0.025897264 

hitrates per trace: 
0.012592735 0.08955622 0.09347204 0.09825368 0.09517729 0.09659565 0.09788287 0.09797633 0.09778021 0.09728271 0.0965961 0.09643304 0.09525171 0.09227343 
0.009427726 0.011457109 0.011455922 0.011760307 0.011491279 0.011891236 0.0120845875 0.0118869385 0.008617748 0.011072311 0.011231492 0.011491426 0.011238253 0.010685213 
0.23557808 0.24187411 0.24143144 0.2305499 0.22794147 0.22817473 0.17879122 0.14417025 0.13041082 0.13718477 0.14559466 0.14880197 0.15906277 0.16769841 
0.27882534 0.28878802 0.2899487 0.29047135 0.23667638 0.23516494 0.19981268 0.18856525 0.18383847 0.19107579 0.15947111 0.14458244 0.16070794 0.18008566 
0.007169128 0.021948751 0.033579383 0.04171021 0.037272897 0.032065757 0.02697488 0.033266656 0.029755836 0.03807798 0.04035058 0.04043035 0.040669452 0.044966884 
0.44593868 0.6030686 0.6083888 0.6153355 0.60769707 0.60366535 0.61480707 0.6005667 0.5795194 0.5700385 0.5665032 0.5567982 0.5446558 0.5284797 
0.06775153 0.14568827 0.15119217 0.15383798 0.15505503 0.15559354 0.15557659 0.15147783 0.14762105 0.14720635 0.14651652 0.14244162 0.13945521 0.13656652 
0.0062708515 0.008994886 0.008846342 0.008308389 0.0065736515 0.005784063 0.004803403 0.0046601663 0.0053210915 0.005333956 0.005365059 0.0058027296 0.0063089486 0.0063658473 
0.25483352 0.2629075 0.2678704 0.2618999 0.26193103 0.24793084 0.16860177 0.19939606 0.18902533 0.20350944 0.18582964 0.1837037 0.17468886 0.18791433 
0.005809854 0.044565953 0.068142734 0.072602056 0.06764832 0.06812523 0.06919616 0.068902194 0.065751866 0.06814852 0.07555642 0.080182776 0.08701337 0.08952322 
0.005775905 0.014745492 0.019816402 0.02200316 0.022558112 0.020186376 0.017488783 0.019295344 0.020414539 0.018307544 0.009407262 0.008139215 0.011728016 0.013392049 
0.91827536 0.93348825 0.8545573 0.8051282 0.7798804 0.76803976 0.76142836 0.7590291 0.75790346 0.7574996 0.7571449 0.7568995 0.7567076 0.758212 
0.040854152 0.058871783 0.05855664 0.051686216 0.052906647 0.051121917 0.050999425 0.048620064 0.043465063 0.03754216 0.038051315 0.03693279 0.038316138 0.039367344 
0.32226318 0.32405442 0.32540688 0.32468787 0.32003993 0.29957417 0.23831315 0.24350573 0.23153779 0.19913423 0.21027891 0.2183136 0.21941464 0.229562 
0.0035667089 0.004872139 0.00504577 0.0050593005 0.005066497 0.005076696 0.005074585 0.005074704 0.005074704 0.005074704 0.005073901 0.004740615 0.0037922303 0.0040557845 
0.09117069 0.102145225 0.10239629 0.08552756 0.07922785 0.0787543 0.09493462 0.10075976 0.10430404 0.10858844 0.11160512 0.117551304 0.12544417 0.12831768 
0.13524355 0.15547927 0.16658847 0.12888318 0.10846246 0.104897656 0.1026193 0.09935143 0.09968762 0.09927311 0.10427927 0.111355215 0.11263465 0.10992879 
0.15633973 0.17277828 0.18820256 0.17918843 0.1575204 0.16293807 0.17710878 0.17250054 0.17469645 0.17751877 0.17665458 0.18094826 0.20518605 0.20699298 
0.0015575158 0.024590747 0.03408962 0.038038045 0.039261714 0.041431453 0.040494964 0.037002925 0.035104398 0.03248258 0.024160104 0.01833237 0.014209793 0.011924586 
0.21858315 0.22060099 0.22092812 0.20256889 0.2044991 0.19595213 0.15557046 0.12476179 0.122045144 0.12586138 0.119349845 0.11641716 0.11530308 0.12603645 
0.06760894 0.06814 0.06923453 0.058439717 0.04644798 0.05005676 0.05339014 0.053576842 0.05457122 0.056240734 0.05679077 0.055930194 0.05608208 0.05679886 
0.08523133 0.08644044 0.08696883 0.06647909 0.06337601 0.06361746 0.066262126 0.07274645 0.07610603 0.078772314 0.07915085 0.07950067 0.07965295 0.0810783 
0.015000534 0.05620794 0.081147045 0.09503977 0.10171247 0.10621157 0.107934445 0.10851343 0.10800229 0.10830239 0.112264596 0.11218221 0.11279375 0.11305208 
0.15028606 0.22314258 0.24802083 0.2774976 0.28158742 0.283843 0.28282037 0.28106374 0.28165096 0.28065208 0.2801342 0.27859297 0.27833965 0.2785728 
0.033312947 0.03503696 0.03094846 0.014382862 0.008419648 0.005688386 0.005826289 0.0063414304 0.00796785 0.009849489 0.011092799 0.011924055 0.011647948 0.012121764 
0.3752393 0.38505802 0.38745114 0.39126852 0.3996475 0.405227 0.4068304 0.40651852 0.40851903 0.3827547 0.38135767 0.40172654 0.3982582 0.3969608 
0.04793339 0.08914844 0.10375821 0.11608128 0.12301996 0.1270701 0.12826796 0.12830304 0.12967944 0.12895483 0.12780908 0.119663306 0.117488764 0.12115734 
0.1483926 0.16284162 0.16927275 0.16683733 0.16573448 0.16554785 0.1632081 0.16275854 0.160068 0.15653506 0.15724567 0.15742525 0.15666176 0.15526888 
0.039995737 0.08077255 0.10335076 0.12823768 0.13849035 0.14097609 0.14088021 0.14130938 0.14132981 0.14199112 0.14061004 0.13620235 0.11606711 0.11107601 
0.0024999985 0.017341271 0.044624284 0.08802754 0.10581691 0.111112095 0.11512032 0.117033124 0.11840737 0.11911943 0.11782172 0.113361835 0.08719107 0.050667994 
0.018367851 0.024649426 0.027490454 0.029042684 0.034081236 0.02753935 0.02035056 0.021610495 0.024384864 0.02790218 0.028941818 0.029340599 0.029853616 0.029815065 
0.21269612 0.23084678 0.23664455 0.23853338 0.2376839 0.2386155 0.23760675 0.23585303 0.23387921 0.23331872 0.23223445 0.22802395 0.22517389 0.22106399 
0.78060013 0.79587257 0.79829425 0.8014773 0.80315834 0.80393475 0.80431855 0.8045347 0.8046458 0.8046993 0.8047196 0.8047209 0.8047209 0.8047209 
0.006180514 0.027947403 0.035306167 0.042072356 0.045828555 0.046169207 0.044910204 0.039755385 0.036300156 0.03468899 0.03480268 0.035134844 0.035477545 0.03490118 
0.10758771 0.3421625 0.49664846 0.5674175 0.6072061 0.65474516 0.680459 0.68708146 0.68837714 0.68834287 0.67762965 0.67667776 0.6595578 0.64157695 
0.8010853 0.8093359 0.8111632 0.81439596 0.8160482 0.81678706 0.81720364 0.81738746 0.8174912 0.81753725 0.81755966 0.81755966 0.81755966 0.8175883 
0.06623299 0.11884858 0.13428995 0.14503096 0.1509239 0.15391004 0.15586257 0.15593009 0.15654387 0.15485756 0.15417711 0.15465927 0.15399581 0.15339594 
0.15213028 0.2292201 0.25007984 0.2542095 0.25419387 0.25337762 0.25328675 0.25399664 0.24785669 0.24741207 0.24702713 0.23662338 0.235364 0.22777762 
0.8607824 0.86624163 0.86714983 0.8678689 0.86822253 0.8683958 0.86848843 0.8685381 0.86855906 0.86857 0.8686402 0.8688779 0.86885816 0.868789 
0.8301245 0.8380451 0.8391774 0.84297854 0.84516585 0.84620017 0.84677124 0.84703887 0.8471794 0.84724426 0.8472669 0.8472668 0.84726685 0.8472411 
0.8472213 0.8564019 0.85720026 0.8617011 0.8648123 0.8661923 0.8668851 0.86720926 0.8674313 0.86752677 0.86752987 0.86658514 0.8643495 0.86179686 
0.1449864 0.16125281 0.16792898 0.16763982 0.1663935 0.16498777 0.16455887 0.16516541 0.16448595 0.16234614 0.15538485 0.15373035 0.15394367 0.1527055 
0.14297496 0.14506032 0.1496048 0.15592523 0.15804896 0.10035729 0.08210158 0.09096028 0.12051484 0.13298182 0.13755505 0.14329249 0.14396864 0.1419064 
0.04653966 0.058087707 0.0636471 0.06870402 0.070544295 0.07106493 0.07167222 0.07234653 0.07136536 0.06881593 0.06650174 0.06369761 0.062477987 0.06399548 
0.8248347 0.83182895 0.83276105 0.8360174 0.8403146 0.84306294 0.8443642 0.8445328 0.8445643 0.84458065 0.8446512 0.8446512 0.8446512 0.8446512 
0.3182232 0.32031962 0.32129094 0.3259982 0.32570007 0.32322124 0.2974958 0.29025874 0.2633401 0.2597879 0.26422328 0.2642365 0.26570508 0.26416552 
0.8428782 0.84658986 0.8473408 0.85250294 0.8605048 0.8644149 0.8662317 0.8672596 0.86757755 0.8678471 0.86790645 0.86790645 0.86790645 0.86790645 
0.013407383 0.017764904 0.01919705 0.017699784 0.025923798 0.019767173 0.013245576 0.0169819 0.019355666 0.01941504 0.012965658 0.011219756 0.015130302 0.017926214 
0.27172738 0.28316444 0.2869215 0.28965142 0.27932078 0.27555913 0.2738643 0.27132037 0.25803486 0.25630668 0.25219488 0.25577188 0.25764593 0.26198328 
0.0014719624 0.009906133 0.011837494 0.012100729 0.012172487 0.012413562 0.012539752 0.012536183 0.01292821 0.013097157 0.01309225 0.013065182 0.013007627 0.013005099 



set cache size as 10% of the total ize fo trace (sumu the sizes of obejcts)