overall results: 
-1 1080000 540000 270000 
4 3 12 31 
0.03734528 0.02635435 0.011950846 0.01284725 

hitrates per trace: 
0.012592735 0.0035295377 0.002546453 0.0019184902 
0.009427726 0.049797628 0.068801336 0.07853501 
0.23557808 0.21962704 0.21850395 0.21823905 
0.27882534 0.23293938 0.24748634 0.24751936 
0.007169128 0.009315441 0.019750215 0.028557472 
0.44593868 0.5670862 0.550433 0.48636606 
0.06775153 0.095308095 0.13681254 0.15205593 
0.0062708515 0.009621806 0.010847582 0.011433144 
0.25483352 0.2459412 0.24295524 0.23705132 
0.005809854 0.044013023 0.074409746 0.09649865 
0.005775905 0.019090658 0.028296918 0.03322842 
0.91827536 0.93106616 0.9264869 0.93295157 
0.040854152 0.06447457 0.07248961 0.076897755 
0.32226318 0.32226387 0.31386772 0.31205887 
0.0035667089 0.004587859 0.0049589397 0.004506559 
0.09117069 0.10386456 0.12735264 0.13105649 
0.13524355 0.22142853 0.23646861 0.25319728 
0.15633973 0.16484697 0.1927811 0.19756551 
0.0015575158 0.027736535 0.03514772 0.041064054 
0.21858315 0.21896724 0.21664007 0.2158072 
0.06760894 0.069639035 0.07046606 0.07067587 
0.08523133 0.09568853 0.09730288 0.089923985 
0.015000534 0.021162858 0.023701506 0.022419231 
0.15028606 0.16924259 0.17308985 0.175211 
0.033312947 0.037222255 0.040015694 0.04050735 
0.3752393 0.38505802 0.3863266 0.36114 
0.04793339 0.058739714 0.08285093 0.108628795 
0.1483926 0.15493752 0.16114898 0.16759962 
0.039995737 0.057022598 0.084101535 0.117275685 
0.0024999985 0.017341271 0.044624284 0.103048466 
0.018367851 0.019662367 0.02597002 0.035330683 
0.21269612 0.22998305 0.2362364 0.19336452 
0.78060013 0.79587257 0.79829425 0.7322522 
0.006180514 0.007286349 0.020684272 0.039737433 
0.10758771 0.12063736 0.46122417 0.58456075 
0.8010853 0.8093359 0.8111632 0.74738574 
0.06623299 0.06995238 0.10401574 0.1347413 
0.15213028 0.15232892 0.1696416 0.21987881 
0.8607824 0.86624163 0.86714983 0.76258165 
0.8301245 0.8380451 0.8391774 0.7616646 
0.8472213 0.8564019 0.85720026 0.80368626 
0.1449864 0.14635153 0.1535874 0.16258225 
0.14297496 0.1508226 0.15309563 0.15521385 
0.04653966 0.05054335 0.057925526 0.0668228 
0.8248347 0.83182895 0.83276105 0.8063694 
0.3182232 0.32032144 0.32111478 0.32245803 
0.8428782 0.84658986 0.8473408 0.8451431 
0.013407383 0.013765686 0.013884577 0.016886845 
0.27172738 0.27392384 0.28049898 0.28723454 
0.0014719624 0.0014719624 0.0014719624 0.0074496395 
