overall results: 
-1 1080000 540000 270000 
2 4 17 27 
0.032030925 0.019843861 0.009476473 0.006292841 

hitrates per trace: 
0.012592735 0.023130957 0.031093445 0.04705537 
0.009427726 0.028660651 0.06449763 0.07606068 
0.23557808 0.23335779 0.1845969 0.17153795 
0.27882534 0.26768988 0.22944207 0.25665116 
0.007169128 0.015202053 0.010021025 0.0076534334 
0.44593868 0.53380215 0.5675001 0.5509215 
0.06775153 0.13818523 0.14967157 0.15443987 
0.0062708515 0.009665503 0.010268586 0.009974106 
0.25483352 0.26136762 0.24679169 0.23529565 
0.005809854 0.01977835 0.020842284 0.032494158 
0.005775905 0.008216923 0.008845727 0.009398015 
0.91827536 0.92878 0.9301071 0.93186474 
0.040854152 0.06772732 0.07585092 0.08860228 
0.32226318 0.3291388 0.32849666 0.31465945 
0.0035667089 0.0043168706 0.0049128486 0.0049491567 
0.09117069 0.09792819 0.10507008 0.103149 
0.13524355 0.20408432 0.22983605 0.2226059 
0.15633973 0.15902318 0.17201118 0.17151466 
0.0015575158 0.0104929535 0.021451836 0.023887899 
0.21858315 0.21960935 0.21826732 0.21902663 
0.06760894 0.06948731 0.07030186 0.0696668 
0.08523133 0.086692765 0.09413989 0.08824941 
0.015000534 0.022595555 0.022634352 0.030783352 
0.15028606 0.19734101 0.21857588 0.22746126 
0.033312947 0.036525667 0.038442153 0.034065355 
0.3752393 0.3844395 0.386556 0.37071666 
0.04793339 0.051893026 0.06274135 0.07188088 
0.1483926 0.1560003 0.16109766 0.16316406 
0.039995737 0.045012087 0.067146294 0.08671541 
0.0024999985 0.016392183 0.026181893 0.047637187 
0.018367851 0.019015085 0.02178983 0.027348299 
0.21269612 0.219242 0.22328034 0.21671496 
0.78060013 0.79541814 0.79757786 0.79300827 
0.006180514 0.0071255597 0.017628254 0.020888686 
0.10758771 0.15864702 0.4432323 0.60207933 
0.8010853 0.80899525 0.8107401 0.78195655 
0.06623299 0.093012474 0.11908286 0.1424214 
0.15213028 0.15876426 0.18573649 0.16768312 
0.8607824 0.8662563 0.8672755 0.86733806 
0.8301245 0.8379656 0.83922964 0.79902583 
0.8472213 0.8563481 0.8571835 0.83600646 
0.1449864 0.14728628 0.15170045 0.15336283 
0.14297496 0.1508226 0.15314007 0.15645048 
0.04653966 0.047165025 0.0522212 0.06108901 
0.8248347 0.83181435 0.83278364 0.8272293 
0.3182232 0.32016957 0.32140568 0.32266003 
0.8428782 0.84656304 0.8473411 0.84576565 
0.013407383 0.013818818 0.016834209 0.019010983 
0.27172738 0.27534902 0.27828297 0.28929803 
0.0014719624 0.002418718 0.007245669 0.008866427 
