overall results: 
-1 1080000 540000 270000 
4 3 13 30 
0.037433162 0.026631989 0.012549777 0.013165585 

hitrates per trace: 
0.012592735 0.0035295377 0.0025463833 0.0019117153 
0.009427726 0.05295978 0.07024498 0.07972317 
0.23557808 0.2196308 0.2184945 0.21845494 
0.27882534 0.23293884 0.24747568 0.24692424 
0.007169128 0.009315441 0.019750215 0.028557472 
0.44593868 0.5602771 0.542426 0.46657386 
0.06775153 0.095300265 0.13602841 0.1519493 
0.0062708515 0.009621806 0.010594888 0.01139309 
0.25483352 0.2459412 0.2429373 0.23668805 
0.005809854 0.044048995 0.075766735 0.09652443 
0.005775905 0.019090658 0.028296918 0.03322842 
0.91827536 0.9322421 0.90807736 0.93319994 
0.040854152 0.06335976 0.07067716 0.07643523 
0.32226318 0.32226387 0.31386754 0.31256405 
0.0035667089 0.004587859 0.0049589397 0.004506559 
0.09117069 0.10386456 0.12735264 0.13106203 
0.13524355 0.21687803 0.23658235 0.253598 
0.15633973 0.16514894 0.1914593 0.1948692 
0.0015575158 0.027736535 0.03514772 0.041064054 
0.21858315 0.21896724 0.21664007 0.21519633 
0.06760894 0.069551356 0.07046697 0.0707392 
0.08523133 0.09563162 0.09718224 0.08649397 
0.015000534 0.021162858 0.02373063 0.022401283 
0.15028606 0.16924259 0.17308985 0.17524667 
0.033312947 0.03738718 0.039928414 0.039851673 
0.3752393 0.38505802 0.3863266 0.36114 
0.04793339 0.05440293 0.0867175 0.10971158 
0.1483926 0.15469065 0.15982246 0.16727757 
0.039995737 0.057022598 0.08341084 0.12249892 
0.0024999985 0.017341271 0.044624284 0.103048466 
0.018367851 0.019662697 0.02597002 0.035330683 
0.21269612 0.22998305 0.23649217 0.19497485 
0.78060013 0.79587257 0.79829425 0.7322522 
0.006180514 0.0100851245 0.021199575 0.03977134 
0.10758771 0.12063366 0.4606229 0.58405113 
0.8010853 0.8093359 0.8111632 0.74738574 
0.06623299 0.06995668 0.10056931 0.13473722 
0.15213028 0.15232758 0.17339022 0.22623284 
0.8607824 0.86624163 0.86714983 0.76258165 
0.8301245 0.8380451 0.8391774 0.7616646 
0.8472213 0.8564019 0.85720026 0.80368626 
0.1449864 0.14628778 0.15236375 0.16359909 
0.14297496 0.1508226 0.15309563 0.15521385 
0.04653966 0.05054335 0.05911799 0.06685903 
0.8248347 0.83182895 0.83276105 0.8063694 
0.3182232 0.32017165 0.32116187 0.3224512 
0.8428782 0.84658986 0.8473408 0.8451431 
0.013407383 0.013765686 0.013884577 0.016886845 
0.27172738 0.27421764 0.28049898 0.2872861 
0.0014719624 0.0014719624 0.0014719624 0.0074496395 
